version: 1
creator: callgrind-3.6.0.SVN-Debian
pid: 22340
cmd:  ./sccfinder ./input/network2.txt
part: 1


desc: I1 cache: 
desc: D1 cache: 
desc: L2 cache: 

desc: Timerange: Basic block 0 - 668530
desc: Trigger: Program termination

positions: line
events: Ir
summary: 3037702


ob=(1) /lib/ld-2.12.1.so
fl=(1) ???
fn=(0) 0x0000000000000af0
0 2
cfi=(2) /build/buildd/eglibc-2.12.1/elf/rtld.c
cfn=(2) _dl_start
calls=1 364 
0 131404
0 14
cfi=(37) /build/buildd/eglibc-2.12.1/elf/dl-init.c
cfn=(176) _dl_init
calls=1 93 
0 13246
0 3
cob=(7) /home/grant/cs161/2-Fast-2-Furious/sccfinder
cfi=(65) ???
cfn=(316) 0x00000000004008c0
calls=1 0 
0 2893033

fl=(104) /build/buildd/eglibc-2.12.1/elf/dl-fini.c
fn=(584) _dl_sort_fini
34 10
+1 1
-1 1
+1 1
+2 1
+2 2
+7 9
-7 3
+3 25
+4 25
+1 26
-1 45
+5 36
+2 12
+1 8
-1 21
+1 18
+3 36
+23 17
-24 96
+27 33
-32 52
-12 12
+76 8
-53 13
cfi=(33) /build/buildd/eglibc-2.12.1/string/memmove.c
cfn=(128) memmove
calls=1 -15 
* 73
+4 1
-2 1
+2 3
-2 1
+2 1
+9 2
+2 1

fn=(582) _dl_fini
121 11
+22 8
+3 2
cob=(3) /lib/libpthread-2.12.1.so
cfi=(76) /build/buildd/eglibc-2.12.1/nptl/pthread_mutex_lock.c
cfn=(378) pthread_mutex_lock
calls=1 -99 
* 27
+3 1
+3 2
+2 1
-2 1
+2 1
-2 4
+13 5
+16 3
+2 12
+2 12
+2 12
+1 6
+5 6
-4 6
-2 6
-6 18
+14 2
+4 2
+2 5
+9 1
-9 1
cfn=(584)
calls=1 34 
* 594
+9 2
cob=(3)
cfi=(77) /build/buildd/eglibc-2.12.1/nptl/pthread_mutex_unlock.c
cfn=(380) pthread_mutex_unlock
calls=1 +79 
* 28
* 3
+6 2
+2 3
-2 10
+2 15
+3 12
+3 18
+4 2
+7 10
+4 4
+2 3
+1 4
+1 4
cob=(4) /lib/libc-2.12.1.so
cfi=(58) /build/buildd/eglibc-2.12.1/elf/soinit.c
cfn=(658) __libc_fini
calls=1 19 
* 6
-1 4
+5 15
+1 12
cob=(2) ???
cfi=(13) ???
cfn=(640) 0x00000000051c1810
calls=1 0 
* 1157
cob=(2)
cfi=(13)
cfn=(620) 0x0000000004c2a864
calls=1 0 
* 1157
cob=(2)
cfi=(13)
cfn=(596) 0x0000000004a23708
calls=1 0 
* 880
cob=(2)
cfi=(13)
cfn=(586) 0x00000000004013f8
calls=1 0 
* 22
+5 30
-39 6
+55 6
-55 18
-71 2
+71 1
-71 1
274 5
+6 2
+7 8
-62 10
+3 8
-61 2
+3 8

fl=(7) /build/buildd/eglibc-2.12.1/elf/../elf/dl-sysdep.c
fn=(58) _dl_important_hwcaps
354 6
+3 1
-3 2
+3 1
-1 1
+1 1
+9 1
-12 4
+12 1
+10 3
+44 4
cfi=(20) /build/buildd/eglibc-2.12.1/io/../sysdeps/unix/syscall-template.S
cfn=(60) access
calls=1 82 
* 11
* 3
-2 1
+17 1
-17 1
+17 5
+3 2
+22 2
+8 2
+2 1
+1 1
-1 2
+1 4
+8 1
-4 2
+1 1
-1 1
+4 1
+3 2
+4 6
+1 2
+18 10
+1 3
cfi=(14) /build/buildd/eglibc-2.12.1/elf/dl-minimal.c
cfn=(36) malloc
calls=1 96 
* 28
+1 1
-1 2
+1 1
+7 2
+22 3
+3 1
-3 3
+3 1
+28 2
-7 1
+7 4
+1 4
-1 4
+1 4
-1 4
+1 4
-1 6
+5 2
-5 3
+5 6
+3 2
-3 2
+3 8
+2 16
-2 4
+1 12
-1 2
+1 12
-1 10
+4 4
+3 1
+2 2
-1 1
-1 2
+2 3
+13 13
+3 3
-3 3
+3 3
+3 4
+3 8
380 3
+63 4
+98 5
cfi=(15) /build/buildd/eglibc-2.12.1/string/../sysdeps/x86_64/memcpy.S
cfn=(62) mempcpy
calls=1 56 
* 22
* 1
+1 1
-1 1
+1 2
cfi=(15)
cfn=(62)
calls=1 56 
* 22
* 3

fn=(168) _dl_sysdep_start_cleanup
252 1

fn=(12) _dl_sysdep_start
89 8
+25 1
-1 1
+1 137
+3 1
-3 1
+6 2
-2 1
-1 1
+3 1
-6 1
+6 4
+1 1
-1 7
+1 105
+3 2
-4 49
fi=(17) /build/buildd/eglibc-2.12.1/elf/../sysdeps/unix/sysv/linux/dl-sysdep.c
-84 2
cfi=(8) /build/buildd/eglibc-2.12.1/elf/../sysdeps/unix/sysv/linux/x86_64/brk.c
cfn=(14) brk
calls=1 -7 
* 11
fi=(5) /build/buildd/eglibc-2.12.1/elf/../sysdeps/x86_64/dl-machine.h
226 5
fe=(7)
+3 2
cfi=(10) /build/buildd/eglibc-2.12.1/elf/../misc/sbrk.c
cfn=(20) sbrk
calls=1 35 
* 17
* 3
+12 3
+3 5
cfi=(2)
cfn=(22) dl_main
calls=1 887 
* 130170
+2 9
-67 1
-59 4
+34 1
-34 4
+43 1
-43 4
+40 1
-40 4
+37 1
-37 5
+13 1
-13 4
+10 1
-10 4
+7 1
-7 4
227 1
cfi=(9) /build/buildd/eglibc-2.12.1/string/../sysdeps/x86_64/multiarch/../rtld-strlen.S
cfn=(18) strlen
calls=1 29 
* 41
* 2

fl=(28) /build/buildd/eglibc-2.12.1/string/../string/memset.c
fn=(104) memset
32 5
-2 10
+2 5
+5 10
+1 15
+1 15
+3 15
+4 11
+2 4
+1 4
+1 4
-4 8
+8 10
+1 22
+2 101
+1 101
+1 101
+1 101
+1 101
+1 101
+1 101
+1 202
-9 202
-30 8
+43 4
+3 8
+1 8
-4 1
+3 2
+1 17
+2 32
-2 32
-47 5
+53 5
+4 10
+8 5

fl=(37)
fn=(176)
93 11
+5 1
-4 1
+1 1
+3 2
+7 2
+27 2
+1 14
+1 6
-1 6
+1 12
-97 18
+9 5
-3 10
+3 15
+5 12
+5 6
+8 6
+6 18
cob=(2)
cfi=(13)
cfn=(294) 0x0000000004a23480
calls=1 -70 
* 29
cob=(2)
cfi=(13)
cfn=(274) 0x0000000004c26dc8
calls=1 -70 
* 29
cob=(4)
cfi=(52) /build/buildd/eglibc-2.12.1/csu/../sysdeps/unix/sysv/linux/x86_64/../init-first.c
cfn=(246) _init
calls=1 -18 
* 6493
+4 3
+1 6
+65 8
-88 2
-6 4
-9 4
+9 1
-3 2
+3 3
+5 3
+5 2
+8 2
+6 7
cob=(2)
cfi=(13)
cfn=(178) 0x00000000051b5200
calls=1 -70 
* 6494
* 1
+4 1
+1 2
+26 2

fl=(20)
fn=(108) close
82 20
+1 5

fn=(94) open
82 44
+1 11
+1 36

fn=(60)
82 20
+1 5
+1 30

fn=(96) read
82 16
+1 4

fl=(21) /build/buildd/eglibc-2.12.1/misc/../sysdeps/unix/syscall-template.S
fn=(172) munmap
82 4
+1 1

fn=(64) mmap
82 75
+1 15

fn=(102) mprotect
82 40
+1 10

fl=(27) /build/buildd/eglibc-2.12.1/io/../sysdeps/unix/sysv/linux/wordsize-64/fxstat.c
fn=(100) _fxstat
37 5
-1 5
+1 5
+1 30
+4 5

fl=(24) /build/buildd/eglibc-2.12.1/elf/dl-error.c
fn=(130) _dl_receive_error
198 10
+1 1
cfi=(2)
cfn=(80) _dl_initial_error_catch_tsd
calls=1 795 
* 2
+5 1
-1 1
-4 1
+9 1
+2 1
-3 1
+3 1
cfi=(2)
cfn=(132) version_check_doit
calls=1 659 
* 7447
+2 1
+1 1
+1 8

fn=(78) _dl_catch_error
160 63
+9 9
+2 9
cfi=(2)
cfn=(80)
calls=9 795 
* 18
* 9
+1 9
+2 18
-2 9
+2 9
cfi=(25) /build/buildd/eglibc-2.12.1/setjmp/../sysdeps/x86_64/setjmp.S
cfn=(82) __sigsetjmp
calls=9 26 
* 171
+1 9
-1 9
+1 9
+2 18
+1 9
-1 9
+1 9
cfi=(29) /build/buildd/eglibc-2.12.1/elf/dl-deps.c
cfn=(112) openaux
calls=8 62 
* 15424
cfi=(2)
cfn=(84) map_doit
calls=1 627 
* 2202
+1 27
+1 9
+1 9
-1 9
+2 9
-1 9
+1 9
+10 36

fl=(29)
fn=(110) _dl_map_object_deps
149 1
+1 1
-1 2
+1 1
-1 2
+1 1
-1 1
+1 2
-1 4
+1 1
-1 1
+1 2
+16 1
-16 1
+14 1
+1 1
+1 1
+6 3
+10 1
-10 1
+10 1
-36 5
+20 1
-2 1
+19 1
-17 1
+6 1
-6 1
-2 1
+2 1
-2 1
+1 1
+1 1
+6 3
+10 1
-10 1
+10 5
+19 1
-15 1
338 2
203 1
+1 1
-18 2
338 1
201 1
338 1
204 1
338 5
208 12
+5 6
+4 12
+2 2
+3 12
+2 4
+11 4
-4 4
-7 4
+6 4
+1 4
-7 4
+5 4
+3 8
+3 28
+50 16
+1 18
-51 388
+1 194
+6 40
cfi=(22) /build/buildd/eglibc-2.12.1/string/../sysdeps/x86_64/multiarch/../strchr.S
cfn=(66) index
calls=8 26 
* 263
* 24
+5 40
-3 8
+3 8
cfi=(24)
cfn=(78)
calls=8 -87 
* 15880
+2 24
+15 8
+2 16
+5 4
+6 4
+2 4
-8 8
+5 4
-2 4
+1 4
+2 4
+4 24
-59 8
+13 4
466 12
+2 12
+2 12
cfi=(14)
cfn=(36)
calls=4 96 
* 112
+2 4
-2 4
+2 4
+4 16
-1 4
+2 4
-1 8
cfi=(15)
cfn=(42) memcpy
calls=4 56 
* 96
+1 16
cfi=(15)
cfn=(42)
calls=4 56 
* 96
+3 4
+4 36
+2 6
+1 37
217 22
+1 5
-1 10
+2 28
487 4
+4 2
+4 5
+11 4
cfi=(14)
cfn=(36)
calls=1 96 
* 28
+2 1
-2 1
+2 1
+5 2
+1 1
-1 1
+1 1
-1 1
+1 1
-1 1
+1 4
+8 5
+4 2
-10 3
+6 25
+4 10
-10 15
+13 2
+51 5
+2 4
+35 3
+7 1
+6 2
-6 1
+6 2
-6 4
+6 8
-6 4
+6 52
+5 18
+4 33
+1 26
+3 53
-1 96
-7 33
-13 20
+40 2
+10 1
-8 1
+8 1
+3 2
+3 8
-30 13
+6 1
-6 1
cfi=(33)
cfn=(128)
calls=1 47 
* 73
+2 1
+6 5
-6 1
+6 1
491 2
+1 3
288 356
617 8
cfi=(15)
cfn=(42)
calls=1 56 
* 47
+5 4

fn=(112)
62 16
+7 8
-3 8
-1 16
+1 8
-1 8
+1 32
-1 16
cfi=(19) /build/buildd/eglibc-2.12.1/elf/dl-load.c
cfn=(86) _dl_map_object
calls=8 1971 
* 15288
* 8
+5 16

fl=(8)
fn=(14)
29 1
+3 4
+2 2
-2 1
+2 1
+7 2

fl=(42) /build/buildd/eglibc-2.12.1/elf/../elf/dl-runtime.c
fn=(194) _dl_fixup
73 21
+6 42
-6 21
+6 21
-6 63
+6 21
+1 21
-4 21
+3 21
-3 21
+4 21
+1 21
-1 105
+6 21
-5 21
-1 21
+6 21
+4 42
+4 63
+5 120
+1 60
+8 84
+7 42
+3 210
cfi=(6) /build/buildd/eglibc-2.12.1/elf/dl-lookup.c
cfn=(156) _dl_lookup_symbol_x
calls=21 713 
* 18549
* 21
+4 63
+4 84
+6 147
+16 21
-8 21
+8 63
+4 63
fi=(5)
+84 21
fe=(42)
-80 126
-56 2
+49 3
cob=(4)
cfi=(99) /build/buildd/eglibc-2.12.1/string/../sysdeps/x86_64/multiarch/strlen.S
cfn=(518) strlen
calls=1 32 
* 6
cob=(4)
cfi=(94) /build/buildd/eglibc-2.12.1/string/../sysdeps/x86_64/multiarch/strcpy.S
cfn=(476) strncpy
calls=1 -87 
* 7
cob=(4)
cfi=(91) /build/buildd/eglibc-2.12.1/string/../sysdeps/x86_64/multiarch/strstr-c.c
cfn=(466) strstr
calls=1 15 
* 10
* 3

fl=(10)
fn=(20)
35 3
+8 1
-8 1
+8 5
+4 2
+11 5

fl=(12) /build/buildd/eglibc-2.12.1/elf/dl-object.c
fn=(28) _dl_new_object
36 45
+3 5
-3 20
+3 5
cfi=(9)
cfn=(18)
calls=5 -10 
* 248
+6 5
-6 5
+7 10
+6 20
cfi=(14)
cfn=(32) calloc
calls=5 +59 
* 216
+3 5
-3 5
+3 10
+4 5
+5 5
-6 5
+4 5
+2 5
-5 5
+3 5
+2 10
cfi=(15)
cfn=(42)
calls=5 -8 
* 138
+2 5
-2 5
+5 5
-1 5
-2 5
+3 20
+3 5
-3 5
+3 5
+9 5
-7 5
+4 5
+3 5
-47 5
+49 2
-2 2
+2 30
-2 30
+12 5
+1 5
+3 5
-4 5
+4 5
cfi=(2)
cfn=(44) rtld_lock_default_lock_recursive
calls=5 835 
* 10
+5 34
+3 56
+7 4
-5 4
+2 4
+3 28
+4 4
+4 4
-4 8
+1 8
+1 8
+2 4
cfi=(2)
cfn=(46) rtld_lock_default_unlock_recursive
calls=4 841 
* 8
-4 1
+4 1
-4 2
+1 2
+1 2
+2 1
cfi=(2)
cfn=(46)
calls=1 841 
* 2
+3 11
+4 16
+4 28
+8 1
+6 1
-3 2
+3 6
-3 8
+3 8
+2 8
cfi=(9)
cfn=(18)
calls=4 29 
* 217
* 4
+4 4
-4 4
+4 4
+64 4
+7 45
46 50
+85 4
-58 10
217 6
-86 1
-4 1
+4 3
-16 4
+40 8
cfi=(14)
cfn=(36)
calls=4 -59 
* 112
+1 4
-1 4
+1 12
+45 12
cfi=(15)
cfn=(62)
calls=4 56 
* 130
* 4
+6 134
-1 67
+1 71
-1 4
+1 4
+2 8
+3 8

fl=(15)
fn=(42)
56 20
+2 20
+2 20
+3 18
+1 18
+2 5
+1 5
+2 5
+1 5
+5 5
+1 5
-1 13
+1 13
+2 5
+1 5
+2 5
+1 10
+5 18
+1 18
+2 3
+1 3
+2 3
+1 3
+5 3
+1 3
-1 15
+1 15
+2 9
+1 9
+2 9
+1 9
+5 9
+1 9
-1 9
+1 19
+5 10
+1 10
+1 10
+1 10
+2 10
+2 10
+1 10
+2 10
+8 18
+8 6
+6 6
+2 6
+1 6
+3 1
+1 2
+5 6
+1 6
+2 6
+2 6
+1 6
+2 7
+9 6
+1 6
+3 6
+1 6
+1 6
+5 6
+2 6
+1 6
+1 6
+1 6
+2 6
+1 6
+1 6
+1 6
+2 6
+1 6
+2 6
+22 6
+6 6
+1 6
+2 2

fn=(62)
56 23
+4 23
+3 23
+1 23
+2 13
+1 13
+2 13
+1 13
+5 13
+1 13
-1 10
+1 10
+2 14
+1 14
+2 14
+1 14
+5 14
+1 14
-1 9
+1 9
+2 9
+1 9
+2 9
+1 9
+5 9
+1 9
-1 14
+1 14
+2 11
+1 11
+2 11
+1 22
+5 23
+1 28
+5 5
+1 5
+1 5
+1 5
+2 5
+2 5
+1 5
+2 5
+6 23
+4 23
+12 1
+2 1
+1 1
+26 1
+1 1
+3 1
+1 1
+1 1
+5 1
+2 1
+1 1
+1 1
+1 1
+2 1
+1 1
+1 1
+1 1
+2 1
+1 1
+2 1
+22 1
+2 1

fl=(19)
fn=(98) _dl_map_object_from_fd
842 48
+11 4
-11 4
+11 4
-11 4
+11 4
cfi=(23) /build/buildd/eglibc-2.12.1/elf/dl-debug.c
cfn=(72) _dl_debug_initialize
calls=4 52 
* 36
+4 12
-4 4
+4 4
cfi=(27)
cfn=(100)
calls=4 37 
* 40
* 8
+11 28
+1 12
-1 42
+1 56
+17 8
+22 12
+9 8
+21 16
+31 12
+3 28
cfi=(12)
cfn=(28)
calls=4 36 
* 1918
+1 4
-1 4
+1 4
-52 4
+63 4
+1 4
-64 4
+63 4
+2 4
+3 4
-4 4
+1 4
+2 16
+1 12
+1 8
+22 4
+8 4
-25 4
+17 4
+8 8
-8 16
+8 8
-8 4
+8 8
-8 4
+8 8
+89 8
-47 4
+47 12
-47 4
+47 12
-88 60
+6 12
+1 16
-8 280
+1 200
+60 3
+4 1
+1 2
+1 3
+4 2
+3 2
+4 4
+6 1
cfi=(32) /build/buildd/eglibc-2.12.1/elf/dl-tls.c
cfn=(126) _dl_next_tls_modid
calls=1 54 
* 8
* 3
+1 1
-67 40
+6 48
+8 8
+1 8
-1 8
+1 8
-1 16
+1 8
+1 56
+2 24
+1 24
+1 24
+4 8
-4 8
+4 20
+5 36
+11 4
-11 36
+11 4
-46 9
+1 3
1163 12
+1 12
-5 8
+1 4
-70 4
+78 16
985 4
1181 8
985 4
1181 16
+2 4
-2 4
+2 4
+19 32
cfi=(21)
cfn=(64)
calls=4 82 
* 24
+4 4
-4 4
+4 8
+7 12
+1 4
+2 4
-2 4
+2 4
+10 8
+35 24
+1 12
+2 16
+7 32
+6 4
+2 4
-2 4
+1 4
+2 8
-1 16
+8 8
+3 8
+11 32
cfi=(28)
cfn=(104)
calls=4 32 
* 1324
+1 24
+5 8
+15 8
-73 40
+4 8
-2 8
+2 40
cfi=(21)
cfn=(64)
calls=4 82 
* 24
-2 8
-29 28
cfi=(21)
cfn=(102)
calls=4 82 
* 20
* 4
1326 4
-77 4
+77 8
+9 4
fi=(3) /build/buildd/eglibc-2.12.1/elf/dynamic-link.h
113 4
fe=(19)
1335 4
fi=(3)
113 4
+6 4
-2 4
+2 8
+7 4
+5 4
+3 4
+1 4
-3 4
-5 8
-1 104
+1 66
+10 22
-18 66
+18 4
-18 12
+2 186
+8 67
+8 67
-18 201
+25 12
+20 15
+1 16
+1 16
+1 16
+2 16
+5 16
+1 15
+1 16
+6 12
+5 8
+7 8
+1 16
+16 12
+5 2
+2 2
-2 4
+2 2
+2 4
+2 4
+3 12
+2 6
+2 6
+3 8
fe=(19)
1341 12
+16 12
+19 8
+2 20
+51 12
+1 2
+3 2
cfi=(20)
cfn=(108)
calls=1 82 
* 5
* 6
cfi=(20)
cfn=(108)
calls=3 82 
* 15
* 8
+8 8
+3 8
+2 4
-2 4
+2 4
+16 8
cfi=(6)
cfn=(10) _dl_setup_hash
calls=4 858 
* 116
+4 8
+1 8
+17 8
+4 4
+5 4
-5 4
+1 8
+4 4
+8 4
-1 8
+20 36
-35 4
fi=(3)
128 16
+3 16
+3 16
+1 16
fe=(19)
1266 3
-2 3
+2 1
-2 1
+3 1
-3 1
+2 1
+1 6
+2 4
+42 16
cfi=(21)
cfn=(64)
calls=2 82 
* 12
+3 4

fn=(90) expand_dynamic_string_token
314 8
+10 1
-10 1
+10 2
cfi=(22)
cfn=(66)
calls=1 26 
* 43
* 2
161 2
cfi=(9)
cfn=(18)
calls=1 29 
* 81
* 1
+1 2
cfi=(14)
cfn=(36)
calls=1 -66 
* 28
+2 2
+3 2
339 3
167 1
339 4
167 1
cfi=(15)
cfn=(42)
calls=1 56 
* 47

fn=(114) open_path
1822 24
+1 3
-1 15
+7 3
-7 3
+1 3
+6 6
+5 12
+52 6
-52 3
+52 3
-52 21
+75 9
-63 9
+7 12
cfi=(15)
cfn=(62)
calls=3 56 
* 93
+1 3
-1 3
+1 21
+20 8
-20 59
+3 24
+4 36
cfi=(15)
cfn=(62)
calls=6 56 
* 113
* 24
cfi=(15)
cfn=(62)
calls=6 56 
* 154
* 6
-1 6
+7 12
+3 42
cfn=(92) open_verify
calls=6 1568 
* 282
* 6
+2 18
+26 8
+2 6
+39 3
-41 3
+41 15
+7 3
-2 3
+2 12
-67 8
+1 24
+79 4
-79 8
+6 8
+3 4
-3 4
+3 12
cfi=(30) /build/buildd/eglibc-2.12.1/io/../sysdeps/unix/sysv/linux/wordsize-64/xstat.c
cfn=(116) _xstat
calls=4 37 
* 49
-1 8
+1 4
+2 6
+7 12
+65 27
-14 9
+10 6
-66 3

fn=(56) _dl_init_paths
622 1
+15 2
-15 8
+15 3
cfi=(7)
cfn=(58)
calls=1 354 
* 355
+4 1
-4 1
+4 1
cfi=(14)
cfn=(36)
calls=1 96 
* 28
+2 1
-2 2
+2 1
+7 7
+4 2
cfi=(14)
cfn=(36)
calls=1 96 
* 53
* 1
+3 3
+7 1
+22 1
-3 1
+1 2
+2 1
-23 1
+23 4
-22 1
+18 1
+4 2
-12 1
-2 1
+3 1
+2 1
-3 1
+4 2
+4 1
-3 1
+3 1
-8 3
-2 3
+3 3
+2 3
-3 3
+4 6
+4 3
-3 3
+3 3
+1 8
-1 52
+2 4
-1 12
+1 4
-1 48
+1 8
-1 8
+1 8
-1 24
+3 4
-14 4
+14 24
+7 1
+4 1
-5 1
+6 2
+2 4
+2 3
+32 5
+8 3
cfi=(22)
cfn=(66)
calls=1 26 
* 25
* 2
+2 2
cfi=(9)
cfn=(18)
calls=1 29 
* 48
* 8
cfi=(15)
cfn=(42)
calls=1 56 
* 31
* 1
+17 7
+2 14
+1 28
+1 14
-4 43
+7 1
cfi=(14)
cfn=(36)
calls=1 96 
* 28
+2 1
-2 1
+2 1
+6 7
cfn=(68) fillin_rpath
calls=1 384 
* 552
+4 3
+6 1
-52 1
+58 2
+1 8
-75 1
-2 1
+2 2
+11 2

fn=(92)
1568 120
+36 10
-36 20
+36 38
+21 50
cfi=(20)
cfn=(94)
calls=10 82 
* 86
+1 10
-1 10
+1 10
+11 12
-1 4
+1 16
cfi=(20)
cfn=(96)
calls=4 82 
* 20
* 8
+7 12
-7 4
+7 4
+16 52
+2 4
-2 56
+60 8
+5 8
+2 12
+6 8
+7 4
+1 4
+1 4
-2 16
+1 12
+16 16
+15 8
-15 176
+1 70
+4 20
+1 12
+14 28
+2 12
+5 3
+1 3
-13 99
+16 6
+6 3
-3 3
+1 3
+1 3
+1 6
+1 3
-1 33
+14 90
-56 2

fn=(124) local_strdup
160 12
+1 3
cfi=(9)
cfn=(18)
calls=3 29 
* 192
* 3
+1 6
cfi=(14)
cfn=(36)
calls=3 -66 
* 84
+2 6
+3 6
+1 6
-1 3
+1 3
-1 3
cfi=(15)
cfn=(42)
calls=3 56 
* 85

fn=(68)
384 16
+4 3
cfi=(14)
cfn=(70) strsep
calls=1 -68 
* 282
* 3
cfi=(14)
cfn=(70)
calls=1 -68 
* 9
* 6
+3 2
cfi=(9)
cfn=(18)
calls=1 29 
* 44
+4 1
-4 1
+4 1
+15 2
+29 15
+1 8
-38 4
+5 3
+51 3
+3 4
cfi=(14)
cfn=(36)
calls=1 96 
* 28
+3 1
-3 1
+3 1
+4 1
+2 3
-2 2
+2 1
cfi=(15)
cfn=(62)
calls=1 56 
* 31
* 1
+3 1
-2 2
+2 1
+6 2
+1 1
-1 2
+1 15
+1 2
-1 15
+1 2
-1 2
+1 2
-1 6
+4 1
-1 2
+1 1
+7 2
+1 1
+3 3
+5 1
+3 9
-14 2

fn=(86)
1971 99
+7 9
-7 18
+7 9
+1 18
+3 54
+12 50
-12 75
+5 90
+1 60
+2 90
cfi=(26) /build/buildd/eglibc-2.12.1/elf/dl-misc.c
cfn=(88) _dl_name_match_p
calls=30 301 
* 2034
* 60
2255 81
2014 4
-1 8
+10 4
-1 8
+26 8
-2 4
+2 4
cfi=(22)
cfn=(66)
calls=4 26 
* 130
* 8
2187 2
+1 3
cfn=(90)
calls=1 314 
* 231
+2 1
-3 1
+3 1
+4 9
cfn=(92)
calls=1 1568 
* 216
+3 1
-3 1
+3 1
+11 12
+3 8
+41 4
+1 28
-1 4
+1 12
cfn=(98)
calls=4 842 
* 7016
* 8
2013 8
+39 6
cfi=(9)
cfn=(18)
calls=3 29 
* 157
* 3
+2 3
-2 3
+2 3
+7 12
+35 9
+1 45
cfn=(114)
calls=3 1822 
* 1291
+6 3
-6 3
+6 3
+78 6
-78 6
599 9
+3 1
2103 1
602 1
+3 3
2110 12
+6 6
cfi=(31) /build/buildd/eglibc-2.12.1/elf/dl-cache.c
cfn=(118) _dl_load_cache_lookup
calls=3 183 
* 3637
+2 3
-2 3
+2 3
+4 9
+12 6
+22 30
cfn=(92)
calls=3 1568 
* 723
+3 9
+2 9
cfn=(124)
calls=3 160 
* 412
+1 3
-1 3
+1 6
-92 3
-5 6
+5 3
+3 6
-3 3
+3 6
-3 3
+3 30
-3 12
599 12
+3 1
2071 1
602 1
+3 3
2071 9
+14 15
+1 15
599 9
+9 2
1995 25
-1 50
+4 11
+2 11
-2 22
+2 33
cfi=(16) /build/buildd/eglibc-2.12.1/string/../sysdeps/x86_64/multiarch/../strcmp.S
cfn=(48) strcmp
calls=11 70 
* 217
* 33
608 2

fl=(14)
fn=(36)
96 90
cfn=(40) __libc_memalign
calls=30 -43 
* 831

fn=(32)
111 12
-3 12
+3 24
-3 12
+3 24
+4 24
cfn=(36)
calls=12 -19 
* 392

fn=(70)
320 4
+3 12
+2 4
+1 8
+4 193
+5 244
+2 488
+8 61
-15 185
+18 2
+4 8

fn=(40)
53 124
+1 123
+11 90
+3 30
-3 30
+3 60
-3 3
+3 1
-3 1
+3 110
+4 16
+1 12
+6 28
cfi=(21)
cfn=(64)
calls=4 +3 
* 24
+2 8
+3 8
+1 8
-1 4
+1 8
+3 4
+1 4
+2 16
-3 27
+1 27
+2 108
-31 2
-1 5

fl=(41) /build/buildd/eglibc-2.12.1/elf/../sysdeps/x86_64/dl-trampoline.S
fn=(192) _dl_runtime_resolve
30 21
+2 21
+1 21
+1 21
+1 21
+1 21
+1 21
+1 21
+1 21
+1 21
+1 21
cfi=(42)
cfn=(194)
calls=21 +32 
* 20335
+1 21
+1 21
+1 21
+1 21
+1 21
+1 21
+1 21
+1 21
+1 21
+2 21

fl=(26)
fn=(120) _dl_sysdep_read_whole_file
44 2
+3 1
-3 4
+3 1
-3 1
+3 1
cfi=(20)
cfn=(94)
calls=1 +35 
* 5
+1 1
-1 1
+1 2
+2 4
cfi=(27)
cfn=(100)
calls=1 -13 
* 10
* 2
+2 1
+3 1
-3 1
+3 1
+13 2
cfi=(20)
cfn=(108)
calls=1 +14 
* 5
+3 7
-14 7
cfi=(21)
cfn=(64)
calls=1 +25 
* 6
* 2

fn=(88)
301 895
+1 358
cfi=(16)
cfn=(48)
calls=179 70 
* 1260
* 358
+3 179
+2 358
+4 179
-4 537
+1 570
cfi=(16)
cfn=(48)
calls=190 70 
* 3522
* 380
+6 11
-7 11
+7 201
-7 168
+7 504

fl=(30)
fn=(116)
37 4
-1 4
+1 4
+1 24
+4 1
-4 12

fl=(34) /build/buildd/eglibc-2.12.1/elf/dl-version.c
fn=(138) match_symbol
82 150
+9 15
-8 15
-1 45
+1 15
+8 15
+6 45
+15 15
+1 30
+2 15
+5 30
+14 176
+12 219
+4 146
-30 146
+19 90
cfi=(16)
cfn=(48)
calls=15 -69 
* 1318
* 45
+34 15
+1 105

fn=(134) _dl_check_all_versions
387 5
+4 1
-4 1
+4 1
-4 1
+4 3
+1 18
-1 6
+1 6
-1 12
+5 7
-3 24
cfn=(136) _dl_check_map_versions
calls=6 180 
* 7328
-1 24

fn=(136)
180 54
+15 6
-15 12
+15 12
+2 6
+3 6
-3 6
+2 6
+1 6
+2 6
-3 6
+3 6
+3 12
+4 4
-4 4
+4 8
+10 12
+7 6
62 6
226 12
62 48
+1 23
-1 46
+2 87
cfi=(26)
cfn=(88)
calls=29 301 
* 1901
* 58
230 12
+4 18
+5 24
+20 18
-16 136
cfn=(138)
calls=2 82 
* 320
* 78
cfn=(138)
calls=13 82 
* 2330
* 75
+11 45
+9 24
+5 6
+1 6
+8 12
+3 16
+10 68
-10 136
+6 102
-6 16
+6 12
+8 12
+87 54
-81 5
-1 15
cfi=(14)
cfn=(32)
calls=5 111 
* 210
+2 5
-2 5
+2 5
+11 5
+2 5
-5 5
+3 10
+2 5
+3 20
+4 18
+18 27
-15 18
+2 27
-2 12
+2 18
+2 90
+1 45
+1 45
+1 45
+3 45
+8 18
+5 6
+1 2
+4 10
+3 20
+20 68
-14 34
-2 34
+2 38
-2 4
+2 4
+5 68
+1 34
-1 170
+1 34
+1 34
-1 68
+4 118

fl=(9)
fn=(18)
29 19
+1 19
+1 19
+1 19
+2 11
+1 11
+2 11
+1 11
-1 21
+1 21
+1 31
+1 31
+1 31
+2 36
+5 21
+1 21
+1 21
+1 21
+3 21
+1 20
+1 20
+1 20
+2 20
+3 18
+1 18
+1 18
+1 18
+3 18
+1 12
+1 12
+1 12
+2 12
+3 4
+1 4
+1 4
+1 4
+3 4
+1 3
+1 3
+1 3
+2 3
+3 3
+1 3
+1 3
+1 3
+3 3
+1 3
+1 3
+1 3
+2 3
+3 18
+2 18
+1 18
+1 16
+2 16
+1 16
+1 16
+2 16
+1 16
+1 15
+2 15
+1 15
+1 13
+2 13
+2 13
+1 13
+1 11
+2 11
+1 11
+1 11
+2 11
+1 11
+1 4
+2 4
+1 4
-1 15
+1 15

fl=(31)
fn=(170) _dl_unload_cache
309 1
+1 4
+2 2
cfi=(21)
cfn=(172)
calls=1 82 
* 5
+1 1
+2 2

fn=(118)
183 24
+8 6
+3 9
+45 6
+6 9
+17 6
+2 3
-2 3
+2 3
-10 3
+8 3
+2 3
cfi=(20)
cfn=(60)
calls=3 82 
* 33
* 3
+15 3
-17 3
+17 9
-25 3
+25 12
-25 3
+25 468
cfn=(122) _dl_cache_libcmp
calls=27 170 
* 2312
* 126
+21 27
197 4
cfi=(26)
cfn=(120)
calls=1 44 
* 68
+8 2
+1 1
-1 2
+1 3
-1 13
+8 1
-3 2
+3 3
+3 1
+1 2
-1 1
+1 1
+19 2
-17 2
-2 22
+62 45
cfn=(122)
calls=3 170 
* 259
* 96
+16 12
-16 15

fn=(122)
170 90
-29 60
+2 90
+20 90
+2 60
+4 30
+1 60
cfn=(123) _dl_cache_libcmp'2
calls=30 * 
* 2091

fn=(123)
170 378
-29 258
+2 378
+2 9
+6 6
+1 3
-1 3
+2 3
-1 6
+1 9
+2 12
+2 6
+6 369
+2 246
+4 96
+1 192
cfn=(123)
calls=96 * 
* 4980
+3 6
+1 3
-8 108

fl=(18) /build/buildd/eglibc-2.12.1/posix/../sysdeps/unix/syscall-template.S
fn=(54) uname
82 4
+1 1

fl=(17)
fn=(52) _dl_discover_osversion
67 4
+2 3
+85 5
-45 3
cfi=(18)
cfn=(54)
calls=1 -27 
* 5
* 3
+12 2
+10 12
+4 3
-2 9
+2 10
+3 4
-3 4
+7 3
-1 3
+2 3
+2 14
+5 2

fl=(32)
fn=(126)
54 1
+3 3
+48 2
+4 2

fn=(142) _dl_determine_tlsoffset
116 7
+6 3
+3 2
+36 3
+2 9
+3 2
+4 2
-4 3
+2 2
+2 3
+12 2
+4 5
+2 4
+10 1
-37 2
+37 1
-37 3
+41 1
-1 1
+52 1
-51 4
+52 8

fn=(166) _dl_allocate_tls_init
380 7
+1 1
-1 1
+1 1
+12 1
-8 1
+8 5
+5 7
+6 10
+22 2
+1 3
+2 2
+1 3
+8 3
+1 3
+1 5
cfi=(15)
cfn=(62)
calls=1 56 
* 23
* 4
cfi=(28)
cfn=(104)
calls=1 32 
* 62
* 3
-42 3
+6 4
+3 1
+1 2
+6 1
+2 1
-2 2
+2 2
+38 1
+3 9

fn=(164) _dl_add_to_slotinfo
820 1
+9 1
-9 3
+6 2
+8 3
+42 1
-1 3
+1 2
+1 4

fn=(198) _dl_get_tls_static_info
324 2
+1 2
+1 1

fn=(144) _dl_allocate_tls_storage
332 1
+13 1
-13 2
+2 1
+11 2
cfi=(14)
cfn=(40)
calls=1 53 
* 50
+1 1
-1 1
+1 1
+7 1
+4 307
-58 1
+1 1
-1 1
+1 2
cfi=(14)
cfn=(32)
calls=1 111 
* 37
+1 2
+3 1
+6 2
+64 5

fl=(6)
fn=(156)
713 357
474 119
713 476
474 119
713 833
474 595
+1 3048
-1 1524
+1 4572
-1 4810
715 119
+4 119
+4 119
-8 119
+1 238
+7 339
+5 595
+6 1071
+8 14
-8 35
+2 1785
cfn=(158) do_lookup_x
calls=119 83 
* 64696
+3 238
-5 119
+33 238
+23 336
+1 672
+35 448
+14 336
+3 336
1012 112
848 112
+1 112
+1 952
-81 49
+17 14
+1 7
+54 2

fn=(158)
83 1190
+1 119
-6 119
+5 238
-5 1071
273 119
-42 357
+4 119
-4 119
+42 119
-38 119
99 119
-3 119
+1 119
+2 119
+3 119
-3 119
+3 119
-3 390
-3 390
+1 390
+2 390
+3 390
-3 390
+3 390
+4 1018
+4 1018
+4 1018
+7 1527
+4 509
+1 509
227 509
125 1018
+1 1018
227 509
+1 1018
+4 509
+3 509
-3 1018
+3 5599
+24 397
+24 794
459 1191
+1 349
-1 927
+4 1595
+4 952
288 832
+4 272
+14 112
-1 112
+1 224
+1 112
460 600
cfi=(26)
cfn=(88)
calls=120 301 
* 5556
-1 600
242 732
+1 244
+2 854
+10 359
-7 1175
+2 224
+1 112
-1 112
+1 448
-1 336
+1 448
cfn=(160) check_match.12467
calls=112 133 
* 19309
+1 672
395 40
-98 448

fn=(160)
133 672
+1 224
+2 224
+2 560
+10 336
+3 224
+5 112
-1 112
+1 112
-1 112
+1 112
+2 220
+19 220
+1 550
+1 110
-1 220
+1 330
cfi=(16)
cfn=(48)
calls=110 70 
* 9642
-1 220
+46 784
-73 215
cfi=(16)
cfn=(48)
calls=43 -81 
* 3621
* 129
+55 6
+2 24
-72 218

fn=(10)
858 6
+4 18
+5 6
+3 12
+2 6
-1 6
+3 18
+5 6
-4 6
+1 6
+3 6
-3 6
+7 6
-5 6
+1 6
+4 12
-7 6
+5 6
+2 18
+13 12

fl=(23)
fn=(72)
52 12
+5 6
-5 6
+5 12
+4 1
-1 1
+1 1
+1 2
-1 1
+1 3
+1 2
+4 6
-10 10

fn=(74) _dl_debug_state
77 2

fl=(22)
fn=(66)
26 14
+1 14
+1 14
+1 14
+1 14
+1 14
+1 14
+1 14
+1 14
+1 14
+1 14
+1 14
+1 14
+1 14
+1 14
+1 14
+1 14
+1 14
+1 14
+1 14
+1 14
+2 12
+1 12
+1 12
+1 12
+1 12
+1 12
+1 12
+1 12
+1 12
+2 14
+1 14
+1 1
+1 1
+1 1
+1 1
+1 13
+1 14

fl=(2)
fn=(44)
835 5
+1 5

fn=(76) do_preload
801 6
+6 1
+1 1
+5 5
-10 1
+6 1
+2 1
+2 1
cfi=(24)
cfn=(78)
calls=1 160 
* 2259
+1 2
+2 3
+12 5

fn=(80)
795 22

fn=(22)
887 1
+19 1
-19 4
+22 1
-22 3
+32 1
-32 4
+27 1
-1 1
+6 1
+3 1
-16 1
+3 1
+4 1
+1 1
+8 1
cfn=(24) process_envvars
calls=1 2514 
* 522
+7 3
1108 7
cfi=(12)
cfn=(28)
calls=1 36 
* 265
+2 1
-2 1
+2 1
+1 2
+2 1
-1 1
+2 2
-1 1
+1 2
+29 1
-3 1
+3 1
-8 1
+1 1
+2 1
+5 5
+1 24
-1 27
+1 49
+95 2
+1 3
-5 2
+1 1
-88 3
+1 1
+49 2
+1 2
-1 8
+2 4
+1 2
+3 2
+1 2
-1 2
+1 2
+1 2
+1 6
+1 2
-43 1
-3 2
+3 1
+7 2
-10 1
+10 1
+68 2
-87 3
+1 1
+92 3
+3 2
+2 2
+2 3
+13 3
+1 6
cfi=(16)
cfn=(48)
calls=1 70 
* 7
-1 2
+11 1
-3 1
-2 1
+3 1
+2 2
+1 2
+4 2
+2 2
fi=(3)
104 1
+9 2
+6 1
-2 1
+2 2
+7 1
+5 1
+3 1
+1 1
-3 1
-5 2
-1 16
+1 9
+10 3
-18 9
+18 1
-18 3
+2 40
+8 16
+8 16
-18 48
+25 3
+38 3
+5 2
+7 2
+1 4
+16 3
+14 3
+7 2
fe=(2)
1289 2
cfi=(6)
cfn=(10)
calls=1 858 
* 29
+3 2
+20 4
fi=(3)
128 4
fe=(2)
1401 1
cfi=(17)
cfn=(52)
calls=1 67 
* 92
* 8
+5 2
cfi=(19)
cfn=(56)
calls=1 622 
* 1588
+3 3
cfi=(23)
cfn=(72)
calls=1 52 
* 18
+7 1
-7 1
+2 1
+5 1
+4 1
+3 1
-2 1
+3 1
-2 1
-2 2
+9 1
-9 1
+1 1
+8 1
+5 1
+4 1
-3 2
+3 1
+4 1
-5 1
+5 2
+1 2
+1 1
-1 2
+1 3
+2 2
+1 2
+5 2
+5 4
1638 3
+3 2
+4 3
+5 2
+1 1
cfi=(23)
cfn=(74)
calls=1 77 
* 1
+4 3
+15 3
+4 4
+31 3
cfi=(20)
cfn=(60)
calls=1 82 
* 11
* 2
+77 1
+11 1
-11 3
+17 1
+1 2
-1 1
+1 2
-1 1
+1 3
cfi=(29)
cfn=(110)
calls=1 149 
* 18748
+1 1
+2 5
+3 1
-3 2
+3 1
-3 1
+3 1
-3 1
+3 1
+1 5
-1 2
+1 20
-1 11
+4 3
+1 3
+1 1
+2 2
+1 27
-1 12
fi=(3)
131 4
+3 4
+1 4
fe=(2)
1815 2
+13 1
-1 2
+1 1
+2 4
+5 1
-5 1
+4 2
+12 1
+2 3
+1 1
+1 1
-1 1
+1 3
+11 2
+2 3
-2 2
+1 4
+1 1
cfi=(24)
cfn=(130)
calls=1 198 
* 7477
+10 1
+1 1
-1 1
+1 1
+3 2
+3 1
cfn=(146) security_init
calls=1 848 
* 32
+2 2
2111 3
2257 1
+2 7
+6 1
-6 1
+6 1
+9 4
+1 1
+5 2
cfi=(32)
cfn=(166)
calls=1 380 
* 173
+4 2
+8 4
+15 1
+2 1
+1 1
-3 1
+3 3
-3 1
+3 1
cfi=(36) /build/buildd/eglibc-2.12.1/elf/dl-reloc.c
cfn=(150) _dl_relocate_object
calls=1 158 
* 6392
+1 1
+2 9
+8 1
cfi=(7)
cfn=(168)
calls=1 252 
* 1
+4 3
+20 3
cfi=(23)
cfn=(72)
calls=1 52 
* 9
+1 1
+1 1
cfi=(23)
cfn=(74)
calls=1 77 
* 1
+4 1
cfi=(31)
cfn=(170)
calls=1 309 
* 15
+5 8
2167 2
+4 4
+48 2
+7 1
-7 1
+7 1
+3 25
+3 4
+22 6
+2 12
-18 12
+2 12
+6 18
+1 40
cfi=(36)
cfn=(150)
calls=5 158 
* 89806
+4 14
+1 2
cfi=(32)
cfn=(164)
calls=1 820 
* 20
* 1
1846 2
1430 4
-11 4
1786 9
+4 3
+1 1
+1 2
+1 2
1681 59
cfi=(15)
cfn=(42)
calls=1 56 
* 87
* 1
+3 4
+3 3
cfi=(14)
cfn=(70)
calls=1 320 
* 909
* 3
cfi=(14)
cfn=(70)
calls=1 320 
* 9
* 6
+1 4
+3 4
cfn=(76)
calls=1 801 
* 2286
* 2
+2 1
+2 12
2242 1
+1 1
-3 2
1875 1
cfn=(140) init_tls
calls=1 781 
* 603
* 2

fn=(46)
841 5
+1 5

fn=(84)
627 2
+2 7
cfi=(19)
cfn=(86)
calls=1 1971 
* 2190
* 1
+2 2

fn=(140)
781 1
-56 1
-4 1
-2 1
+2 1
+4 1
+60 3
-54 1
+3 4
cfi=(14)
cfn=(32)
calls=1 111 
* 37
+12 1
-12 1
+7 1
+1 1
+4 1
+2 5
+2 12
+4 1
+2 1
-2 2
-5 1
-1 2
+1 5
-1 11
+10 2
+3 1
cfi=(32)
cfn=(142)
calls=1 116 
* 69
+7 1
cfi=(32)
cfn=(144)
calls=1 332 
* 420
+1 1
-1 1
+1 1
+6 1
+4 1
-4 1
+4 6
+3 1
+2 1

fn=(2)
364 9
+18 4
fi=(5)
76 2
fe=(2)
382 1
+29 2
-3 1
fi=(3)
119 1
fe=(2)
411 1
fi=(3)
119 2
+3 1
+4 1
+5 1
+3 1
+1 1
-3 1
-5 2
-5 13
+15 13
-18 39
+18 1
-18 3
+2 36
+5 20
+1 12
+10 4
-18 13
+25 2
+20 4
+1 4
+1 4
+1 4
+2 4
+5 4
+1 4
+1 4
+6 3
+5 2
+7 3
+1 3
+8 3
+2 3
+3 2
+1 2
fe=(2)
539 2
+7 1
287 2
+12 2
cfi=(6)
cfn=(10)
calls=1 858 
* 29
+1 1
+1 1
+1 1
-2 1
+3 1
-2 1
+1 1
+1 1
+21 1
+10 1
-10 3
+10 1
-6 1
-4 1
+10 1
cfi=(7)
cfn=(12)
calls=1 89 
* 130635
* 1
+9 1
+3 4
+4 1
-4 1
+4 1
571 9
fi=(3)
128 4
+3 4
fe=(2)
544 14
fi=(4) /build/buildd/eglibc-2.12.1/elf/do-rel.h
76 1
-1 1
+2 1
-2 1
+2 1
+2 8
+25 2
fi=(5)
466 14
fi=(4)
105 14
fi=(5)
466 14
+1 28
-2 14
fi=(4)
104 28
fi=(5)
467 14
fi=(4)
104 15
+5 2
+11 8
+2 8
fi=(5)
288 24
fi=(4)
120 24
fi=(5)
296 24
+4 8
-4 16
+4 24
+6 24
+1 16
fi=(4)
117 27
fi=(3)
+17 4
+1 4
fe=(2)
287 67

fn=(24)
2514 1
+8 2
-8 4
+23 1
-23 4
+8 1
-8 1
+8 2
-7 1
+6 2
fi=(108) /build/buildd/eglibc-2.12.1/elf/../sysdeps/unix/sysv/linux/dl-librecon.h
32 1
fe=(2)
2521 1
-6 1
fi=(108)
32 2
fe=(2)
2524 6
cfi=(11) /build/buildd/eglibc-2.12.1/elf/dl-environ.c
cfn=(26) _dl_next_ld_env_entry
calls=3 31 
* 294
* 9
+4 6
-4 2
+4 38
+1 19
-1 57
+9 12
2690 1
-4 1
+4 1
-4 1
+4 1
+33 2
+22 8
2613 17
-53 5
+7 12
+2 2
+1 1
+45 2
+1 1

fn=(132)
659 2
+3 4
cfi=(34)
cfn=(134)
calls=1 387 
* 7437
-1 2
+4 2

fn=(146)
848 4
+2 1
fi=(35) /build/buildd/eglibc-2.12.1/elf/../sysdeps/unix/sysv/linux/dl-osinfo.h
68 1
+4 1
+3 2
+48 7
fe=(2)
852 1
+6 3
+2 1
fi=(35)
132 2
+11 1
fe=(2)
863 1
+2 1
+6 1
+1 5

fl=(33)
fn=(128)
47 2
+5 4
-5 10
+1 2
-1 2
+5 4
+5 6
+22 102
+30 14

fl=(36)
fn=(162) _dl_protect_relro
336 6
-2 12
+1 12
+1 18
+2 12
+2 12
+1 18
cfi=(21)
cfn=(102)
calls=6 82 
* 30
-1 12
+7 18

fn=(150)
158 36
+10 12
-10 18
+14 6
-14 12
+14 6
+1 30
+6 12
+6 18
+4 12
+8 18
+45 6
fi=(5)
96 12
fe=(36)
242 12
fi=(5)
96 6
+39 3
fe=(36)
268 170
156 10
fi=(5)
295 5
fe=(36)
-27 5
fi=(5)
+27 5
fi=(4)
65 5
-8 5
+1 5
+1 5
+6 5
fe=(36)
268 2
156 2
fi=(5)
295 1
fe=(36)
-27 1
fi=(5)
+27 1
fi=(4)
65 1
-8 1
+1 1
+1 1
+6 7
-8 6
+1 6
+1 6
+6 6
+3 17
fi=(5)
476 155
-1 310
+4 310
+2 465
+1 155
fi=(4)
68 465
fe=(36)
268 90
+3 18
+40 6
+3 12
+13 12
+1 12
cfn=(162)
calls=6 +8 
* 150
* 6
+1 48
fi=(5)
135 10
-39 10
+6 10
+4 15
+13 5
-8 5
+8 10
+13 5
+3 5
-3 5
+3 15
fe=(36)
+51 18
+82 9
fi=(4)
75 6
+2 6
-2 12
+1 6
+1 52
+14 5
-12 5
+12 11
-12 1
+12 2
+10 12
+10 18
+4 5
+2 5
-2 5
+2 5
fi=(5)
296 15
fi=(4)
119 10
+1 5
+2 10
-2 5
-1 5
fi=(5)
267 5
fi=(4)
119 5
fi=(5)
270 5
fi=(4)
119 5
+1 15
fi=(5)
270 5
fi=(4)
119 210
+1 105
+2 210
-2 105
-1 105
fi=(5)
267 105
fi=(4)
119 105
fi=(5)
270 105
fi=(4)
119 105
+1 315
fi=(5)
270 105
+18 220
+7 2387
fi=(4)
120 172
fi=(5)
295 258
fi=(4)
120 86
fi=(5)
295 371
fi=(4)
120 18
fi=(5)
295 27
fi=(4)
120 9
fi=(5)
295 1176
cfi=(6)
cfn=(156)
calls=95 713 
* 69384
* 380
+1 330
+4 105
-4 210
+4 315
+9 660
+85 95
fi=(4)
117 190
fi=(5)
394 95
fi=(4)
117 99
fi=(5)
377 36
+4 36
+5 24
fi=(4)
117 12
fi=(5)
386 24
fi=(4)
117 25
fi=(5)
335 3
+1 2
fi=(4)
117 1
fi=(5)
336 1
fi=(4)
117 2
fi=(5)
327 4
+1 2
fi=(4)
117 2
fi=(5)
328 2
fi=(4)
117 4
fi=(5)
295 18
fi=(4)
104 15
fi=(5)
466 4
fi=(4)
105 4
fi=(5)
466 8
+1 2512
fi=(4)
104 1256
fi=(5)
465 1256
fi=(4)
104 1256
fi=(5)
467 1256
fi=(4)
104 1256
fi=(5)
466 1252
fi=(4)
105 1252
fi=(5)
466 1252
fi=(4)
127 5
+1 6
+1 6
-1 3
fi=(5)
267 3
fi=(4)
128 3
fi=(5)
270 3
fi=(4)
128 9
fi=(5)
270 3
+18 6
+7 117
cfi=(6)
cfn=(156)
calls=3 713 
* 1852
* 12
+1 9
+4 1
-4 2
+4 3
+9 18
+85 9
fi=(4)
127 10
fi=(5)
295 99
fe=(36)

fl=(11)
fn=(26)
31 3
+3 11
+2 86
+11 41
-13 124
+17 1
-14 20
+5 2
-3 2
+3 2
+2 2

fl=(25)
fn=(82)
26 9
+2 9
+1 18
+1 9
+4 9
+1 9
+1 9
+1 9
+1 9
+2 18
+2 9
+1 9
+2 18
+2 9
+4 9
+1 9

fl=(16)
fn=(48)
70 549
+1 549
+1 549
+1 262
+1 262
+1 262
+1 262
cfn=(49) strcmp'2
calls=262 -6 
* 15744

ob=(6) /usr/lib/valgrind/vgpreload_core-amd64-linux.so
fl=(64) ???
fn=(598) 0x00000000000004f0
0 10
cob=(4)
cfi=(105) /build/buildd/eglibc-2.12.1/stdlib/cxa_finalize.c
cfn=(610) __cxa_finalize
calls=1 31 
0 70
cob=(1)
cfi=(41)
cfn=(192)
calls=1 30 
0 783
0 13

fn=(302) 0x0000000000000570
0 6

fn=(296) 0x00000000000004d0
0 6

fn=(308) 0x00000000000006d0
0 11

ob=(1)
fl=(16)
fn=(48)
81 287
+1 287
+1 287
+1 287

fn=(49)
70 2198
+1 2198
+1 2198
+1 2115
+1 2115
+1 2115
+1 2115
cfn=(49)
calls=1936 -6 
* 84476
+2 179
+1 179
+2 83
+1 83
+1 83
+1 83

ob=(2)
fl=(13)
fn=(274)
0 2
cob=(5) /lib/librt-2.12.1.so
cfi=(63) ???
cfn=(276) 0x0000000000002190
calls=1 0 
0 6
0 1
cob=(5)
cfi=(63)
cfn=(282) 0x0000000000002230
calls=1 0 
0 6
0 1
cob=(5)
cfi=(63)
cfn=(288) 0x00000000000057c0
calls=1 0 
0 11
0 2

fn=(586)
0 2
cob=(7)
cfi=(65)
cfn=(588) 0x0000000000400910
calls=1 0 
0 18
0 2

fn=(620)
0 2
cob=(5)
cfi=(63)
cfn=(622) 0x00000000000021b0
calls=1 0 
0 1153
0 2

fn=(178)
0 2
cob=(3)
cfi=(38) /build/buildd/eglibc-2.12.1/nptl/nptl-init.c
cfn=(180) __pthread_initialize_minimal
calls=1 273 
0 6471
0 1
cob=(3)
cfi=(51) ???
cfn=(234) 0x0000000000005710
calls=1 0 
0 6
0 1
cob=(3)
cfi=(51)
cfn=(240) 0x0000000000011780
calls=1 0 
0 11
0 2

fn=(294)
0 2
cob=(6)
cfi=(64)
cfn=(296)
calls=1 0 
0 6
0 1
cob=(6)
cfi=(64)
cfn=(302)
calls=1 0 
0 6
0 1
cob=(6)
cfi=(64)
cfn=(308)
calls=1 0 
0 11
0 2

fn=(640)
0 2
cob=(3)
cfi=(51)
cfn=(642) 0x0000000000005690
calls=1 0 
0 1153
0 2

fn=(332) 0x0000000000400780
0 2
cob=(7)
cfi=(65)
cfn=(334) 0x00000000004008ec
calls=1 0 
0 6
0 1
cob=(7)
cfi=(65)
cfn=(340) 0x0000000000400980
calls=1 0 
0 6
0 1
cob=(7)
cfi=(65)
cfn=(346) 0x00000000004013c0
calls=1 0 
0 11
0 2

fn=(596)
0 2
cob=(6)
cfi=(64)
cfn=(598)
calls=1 0 
0 876
0 2

ob=(4)
fl=(92) /build/buildd/eglibc-2.12.1/string/../string/strstr.c
fn=(468) __GI_strstr
53 4338
+10 6839
+1 3370
-1 2022
+2 2
fi=(101) /build/buildd/eglibc-2.12.1/string/../string/str-two-way.h
273 21
fe=(92)
89 4338
-22 964
+6 1443
cfi=(93) /build/buildd/eglibc-2.12.1/string/../sysdeps/x86_64/multiarch/../strchr.S
cfn=(470) __GI_strchr
calls=481 -47 
* 13798
+1 481
-1 481
+1 481
-2 960
+2 480
-2 480
+2 480
+3 99
-1 99
+1 495
+6 198
+1 495
fi=(101)
+54 188
+16 188
-25 141
+25 576
-25 729
+3 382
+1 382
+7 144
+14 540
-11 18
-14 495
+44 764
+16 764
-25 870
+3 382
+1 382
+28 594
+32 594
+39 99
+21 99
-9 99
-12 99
+12 99
-6 99
-6 99
+12 198
-12 99
+21 99
-9 99
-12 297
+13 297
-11 398741
cfi=(102) /build/buildd/eglibc-2.12.1/string/../sysdeps/x86_64/memchr.S
cfn=(528) memchr
calls=56963 25 
* 1255846
* 284775
+4 398601
+6 19008
-6 2203
+1 6609
-1 4406
+2 3275
-2 6550
+7 8251
+1 189
-1 126
+2 142
-2 284
+4 158
+4 111742
-4 113728
+1 1986
143 27
fe=(92)
-69 762

fl=(58)
fn=(658)
19 1
+17 1
-17 2
+20 2

fn=(258) __libc_global_ctors
19 1
+7 1
-7 6
+1 2
cfi=(62) /build/buildd/eglibc-2.12.1/elf/dl-altinit.c
cfn=(272) dlinit_alt
calls=1 +13 
* 4
cfi=(59) /build/buildd/eglibc-2.12.1/string/../sysdeps/x86_64/cacheinfo.c
cfn=(260) init_cacheinfo
calls=1 493 
* 6261
-1 6
+10 2

fl=(73) /build/buildd/eglibc-2.12.1/malloc/hooks.c
fn=(372) malloc_hook_ini
36 1
-1 2
+1 1
+1 1
cfi=(74) /build/buildd/eglibc-2.12.1/malloc/arena.c
cfn=(374) ptmalloc_init
calls=1 467 
* 59823
+1 1
+1 1
-1 1
cfi=(72) /build/buildd/eglibc-2.12.1/malloc/malloc.c
cfn=(371) malloc'2
calls=1 3615 
* 1057

fl=(90) /build/buildd/eglibc-2.12.1/io/../sysdeps/unix/syscall-template.S
fn=(448) __open_nocancel
82 5

fn=(574) __close_nocancel
82 4
+1 1
+1 6

fn=(436) write
82 16
cfn=(438) __write_nocancel
calls=8 * 
* 46

fn=(552) creat
82 2
cfn=(554) __creat_nocancel
calls=1 * 
* 11

fn=(446) open
82 2
cfn=(448)
calls=1 * 
* 5

fn=(572) close
82 2
cfn=(574)
calls=1 * 
* 11

fn=(438)
82 39
+1 1
+1 6

fn=(554)
82 4
+1 1
+1 6

fl=(103) /build/buildd/eglibc-2.12.1/stdlib/exit.c
fn=(580) exit
49 5
-7 3
+36 6
-32 2
+32 2
-32 2
+3 2
+1 5
+33 1
+1 1
-1 1
+1 1
+7 6
cfi=(86) /build/buildd/eglibc-2.12.1/libio/genops.c
cfn=(660) _IO_cleanup
calls=1 1007 
* 294
* 3
+2 3
cfi=(107) /build/buildd/eglibc-2.12.1/posix/../sysdeps/unix/sysv/linux/_exit.c
cfn=(670) _Exit
calls=1 -60 
* 5
-19 1
+4 1
-4 2
+4 1
-2 2
+2 1
cob=(1)
cfi=(104)
cfn=(582)
calls=1 +43 
* 4229
* 1

fl=(66) /build/buildd/eglibc-2.12.1/csu/libc-start.c
fn=(324) (below main)
96 7
+10 1
-10 3
+10 3
+52 1
-52 1
+52 1
+1 4
cfi=(67) /build/buildd/eglibc-2.12.1/stdlib/cxa_atexit.c
cfn=(326) __cxa_atexit
calls=1 57 
* 62
+22 4
+3 2
+1 5
cob=(7)
cfi=(65)
cfn=(330) __libc_csu_init
calls=1 0 
* 54
+4 4
+15 2
+9 2
cfi=(68) /build/buildd/eglibc-2.12.1/setjmp/../sysdeps/x86_64/bsd-_setjmp.S
cfn=(352) _setjmp
calls=1 34 
* 29
+1 2
+5 2
+1 2
+3 2
+3 5
cob=(7)
cfi=(71) /home/grant/cs161/2-Fast-2-Furious/sccfinder.c
cfn=(358) main
calls=1 +93 
* 2887140
+32 2
cfi=(103)
cfn=(580)
calls=1 49 
* 4580
106 2

fl=(70) /build/buildd/eglibc-2.12.1/setjmp/sigjmp.c
fn=(356) __sigjmp_save
30 1
-1 2
+1 2
+5 1
-5 1
+5 2

fl=(62)
fn=(272)
33 3
+1 1

fl=(52)
fn=(246)
52 6
+6 1
-6 2
+6 2
+17 1
-2 1
+1 1
fi=(54) /build/buildd/eglibc-2.12.1/csu/../sysdeps/unix/sysv/linux/x86_64/init-first.c
-41 2
fe=(52)
+42 1
fi=(54)
-42 2
fi=(53) /build/buildd/eglibc-2.12.1/csu/../sysdeps/generic/dl-hash.h
+2 3
fe=(52)
+32 1
-9 1
+9 4
fi=(53)
-29 1
-1 2
+1 3
+3 1
-1 3
+1 3
fi=(54)
-8 2
+2 2
-2 1
+2 1
cfi=(55) /build/buildd/eglibc-2.12.1/elf/../sysdeps/unix/sysv/linux/dl-vdso.c
cfn=(252) _dl_vdso_vsym
calls=1 -8 
* 8
+8 1
-5 2
+5 1
-5 1
+2 2
+1 1
+2 1
cfi=(55)
cfn=(252)
calls=1 -16 
* 8
fe=(52)
+46 3
fi=(54)
-45 2
+1 1
fe=(52)
+44 1
cfi=(56) /build/buildd/eglibc-2.12.1/misc/init-misc.c
cfn=(254) __init_misc
calls=1 -58 
* 58
+8 1
cfi=(58)
cfn=(258)
calls=1 -78 
* 6283
+2 6
fi=(53)
-55 1
-1 3
+1 3
+2 4
+1 5
+3 16
-3 4
+4 8
+13 4
+1 8
-18 10
fe=(52)

fl=(61) /build/buildd/eglibc-2.12.1/stdlib/bsearch.c
fn=(268) bsearch
27 390
+7 468
+2 196
+2 196
-2 196
+1 784
+1 392
cfi=(59)
cfn=(270) intel_02_known_compare
calls=196 152 
* 1358
+1 392
+2 70
+1 63
-8 223
+14 270

fl=(79) /build/buildd/eglibc-2.12.1/misc/sbrk.c
fn=(390) sbrk
35 10
+8 11
+4 4
+4 6
+3 1
cfi=(80) /build/buildd/eglibc-2.12.1/misc/../sysdeps/unix/sysv/linux/x86_64/brk.c
cfn=(392) brk
calls=1 -25 
* 12
-3 3
+7 12
-14 2
cfi=(80)
cfn=(392)
calls=1 -15 
* 12
* 5

fl=(100) /build/buildd/eglibc-2.12.1/string/../sysdeps/x86_64/multiarch/../strlen.S
fn=(520) __GI_strlen
26 100
+1 100
+1 100
+1 100
+1 100
+1 100
+1 100
+1 100
+1 100
+1 100
+1 100
+1 100
+9 100
+1 100
+1 100
+1 100

fl=(80)
fn=(392)
29 2
+3 12
+2 6
+7 4

fl=(55)
fn=(252)
27 2
+1 4
+4 4
+14 2
+4 4

fl=(83) /build/buildd/eglibc-2.12.1/string/../sysdeps/x86_64/strchrnul.S
fn=(410) strchrnul
27 14
+1 14
+1 14
+1 14
+1 14
+1 14
+1 14
+1 14
+1 14
+1 14
+1 14
+1 14
+1 14
+1 14
+1 14
+1 14
+1 14
+1 14
+1 14
+1 14
+2 7
+1 7
+1 7
+1 7
+1 7
+1 7
+1 7
+1 7
+1 7
+2 14
+1 14
+1 14

fl=(105)
fn=(610)
31 6
+18 3
-18 3
+18 3
-18 15
+4 12
+4 18
-4 9
+32 12
+4 18
-4 9
+12 6
+3 3
-2 3
+2 18
-2 3
cfi=(106) /build/buildd/eglibc-2.12.1/nptl/../nptl/sysdeps/unix/sysv/linux/unregister-atfork.c
cfn=(612) __unregister_atfork
calls=3 -51 
* 69

fl=(44) /build/buildd/eglibc-2.12.1/posix/../sysdeps/unix/sysv/linux/x86_64/sysconf.c
fn=(210) sysconf
33 3
+1 1
-1 2
+1 2
fi=(45) /build/buildd/eglibc-2.12.1/posix/../sysdeps/unix/sysv/linux/x86_64/../sysconf.c
+10 6
fe=(44)
-6 5
fi=(46) /build/buildd/eglibc-2.12.1/posix/../sysdeps/posix/sysconf.c
+16 7
fi=(45)
-10 2
fi=(46)
637 1
215 1
cfi=(47) /build/buildd/eglibc-2.12.1/misc/../sysdeps/unix/sysv/linux/getpagesize.c
cfn=(216) getpagesize
calls=1 35 
* 6
* 2
fe=(44)

fl=(43) /build/buildd/eglibc-2.12.1/resource/../sysdeps/unix/syscall-template.S
fn=(204) getrlimit
82 4
+1 1

fl=(106)
fn=(612)
29 3
+8 3
-8 6
+11 6
+1 21
+5 6
-6 18
+82 6

fl=(95) /build/buildd/eglibc-2.12.1/stdlib/atoi.c
fn=(496) atoi
27 381
+1 1143
cfi=(96) /build/buildd/eglibc-2.12.1/stdlib/../stdlib/strtol.c
cfn=(498) strtol
calls=381 +82 
* 50205
+1 762

fl=(74)
fn=(374)
467 5
+8 3
+1 1
-66 1
+2 1
+1 1
+1 1
+1 1
cfi=(47)
cfn=(216)
calls=1 35 
* 6
519 1
415 1
+96 1
-1 1
+1 1
+8 1
+8 2
+1 1
-3 1
+3 1
-1 1
+1 10
cfi=(50) /build/buildd/eglibc-2.12.1/nptl/../nptl/sysdeps/unix/sysv/linux/register-atfork.c
cfn=(382) __linkin_atfork
calls=1 117 
* 9
+11 2
+2 6
382 86
+16 43
-18 132
622 2
+5 2
+1 2
+2 1
+1 6
521 5
cfi=(75) /build/buildd/eglibc-2.12.1/elf/dl-addr.c
cfn=(376) _dl_addr
calls=1 127 
* 59475
-2 2
+2 3
382 5

fl=(59)
fn=(260)
493 4
+13 3
679 5
507 1
cfi=(60) /build/buildd/eglibc-2.12.1/csu/../sysdeps/x86_64/multiarch/init-arch.c
cfn=(262) __init_cpu_features
calls=1 53 
* 44
* 1
+6 2
+2 3
cfn=(264) handle_intel
calls=1 256 
* 2198
+4 2
-4 1
+4 1
cfn=(264)
calls=1 256 
* 2212
+2 1
-2 1
+2 2
+12 1
+17 1
-18 1
+1 1
+10 3
+7 1
-7 1
+7 2
+7 6
+6 2
-6 8
+6 4
+3 15
+2 1
+6 6
+7 1
-7 1
+11 2
+27 2
+56 2
+2 1
+1 1
-1 2
+4 2
+2 1
+1 1
-1 3
-63 7
-88 3
cfn=(264)
calls=1 256 
* 1695
* 3

fn=(266) intel_check_word
163 132
+1 24
+8 12
-2 72
+16 66
+9 2
-1 1
+28 5
-1 1
+1 1
cfi=(61)
cfn=(268)
calls=1 27 
* 153
* 145
-1 29
+1 29
cfi=(61)
cfn=(268)
calls=29 27 
* 4845
+2 60
+2 28
+14 10
+6 28
-74 56
+2 30
+2 60
-4 10
+79 80
-10 4
-13 2
+2 4
+2 2
+19 16

fn=(270)
152 784
+3 378
+1 196

fn=(264)
256 3
+1 3
-1 21
+1 12
+13 3
+1 9
+8 6
+5 3
-5 6
+5 3
+7 15
cfn=(266)
calls=3 163 
* 2415
+1 6
+3 15
cfn=(266)
calls=3 163 
* 1791
+1 6
+3 15
cfn=(266)
calls=3 163 
* 69
+1 6
+3 15
cfn=(266)
calls=3 163 
* 1632
+1 6
-31 2
+35 7
+5 24
-27 3
+1 3
-1 6

fl=(72)
fn=(370) malloc
3615 18
+5 6
+1 6
+3 4
+33 18
+3 6
cfn=(384) _int_malloc
calls=2 4249 
* 240
+1 2
-1 2
+1 2
+20 8
+1 18
+3 14
-63 1
+63 5
-63 1
cfi=(73)
cfn=(372)
calls=1 36 
* 60888

fn=(371)
3615 6
+5 2
+1 2
+3 2
+33 9
+3 3
cfn=(384)
calls=1 4249 
* 1010
+1 1
-1 1
+1 1
+20 4
+1 9
+3 7

fn=(384)
4249 27
+30 24
+8 6
4753 27
4330 6
+1 2
+1 2
-1 2
+1 6
+2 6
+1 2
+36 4
+1 3
4739 3
4408 3
-16 3
4739 3
4504 6
4739 3
4408 3
4739 3
4392 9
4520 6
+1 3
+3 3
+67 3
+1 3
+3 6
-3 6
+1 3
+2 3
-2 3
+2 3
-1 3
+1 3
-1 3
+6 12
4371 2
4602 30
+2 28
4336 4
cfn=(386) malloc_consolidate
calls=1 5093 
* 670
* 3
4700 3
+1 3
-1 3
+1 6
+2 6
+33 2
-24 2
+1 12
4339 2
2990 2
+13 1
-13 1
+13 1
+81 1
+9 2
-9 1
+9 3
+10 3
+4 3
3418 3
+1 1
+8 4
+4 2
-2 1
+2 2
-1 1
+1 1
+1 1
-1 2
+1 1
+2 1
-3 2
+1 1
4748 3
3074 2
4707 8
-2 2
+2 6
+2 2
-2 4
+2 2
-3 2
+1 2
+2 2
-2 2
+2 4
3169 1
+19 1
-19 5
+19 5
+8 1
-8 1
+8 1
+1 5
cfi=(78) /build/buildd/eglibc-2.12.1/malloc/morecore.c
cfn=(388) __default_morecore
calls=1 48 
* 65
+2 1
-2 1
+2 3
+2 2
+1 2
4749 2
3247 2
+1 1
+1 2
+6 1
-6 1
+6 1
-31 2
+34 6
+40 5
+19 1
+3 2
+1 3
+2 3
+1 4
cfi=(78)
cfn=(388)
calls=1 48 
* 27
+12 3
+5 2
+1 2
4749 1
3360 1
+1 2
-1 1
+1 2
+1 1
+11 2
-84 2

fn=(386)
5093 8
+22 2
2479 3
+5 3
+5 1
+2 1
-2 1
+2 1
5203 8
2480 1
5089 2
2480 381
-2 255
+10 3

fl=(93)
fn=(470)
26 481
+1 481
+1 481
+1 481
+1 481
+1 481
+1 481
+1 481
+1 481
+1 481
+1 481
+1 481
+1 481
+1 481
+1 481
+1 481
+1 481
+1 481
+1 481
+1 481
+1 481
+2 37
+1 37
+1 37
+1 37
+1 37
+1 37
+1 37
+1 37
+1 37
+2 481
+1 481
+1 480
+1 480
+1 480
+1 480
+1 1
+1 481

fl=(68)
fn=(352)
34 1
+2 1
cfi=(69) /build/buildd/eglibc-2.12.1/setjmp/../sysdeps/x86_64/setjmp.S
cfn=(354) __sigsetjmp
calls=1 -10 
* 27

fl=(48) /build/buildd/eglibc-2.12.1/elf/dl-tsd.c
fn=(222) __libc_dl_error_tsd
51 2
+3 1

fl=(107)
fn=(670)
33 3
+2 2

fl=(86)
fn=(660)
1007 1
+3 1
-3 4
+3 1
cfn=(662) _IO_flush_all_lockp
calls=1 823 
* 115
-59 1
+59 1
-59 2
+11 2
-9 21
+9 13
+7 5
+10 5
cfi=(85) /build/buildd/eglibc-2.12.1/libio/fileops.c
cfn=(664) _IO_file_setbuf@@GLIBC_2.2.5
calls=1 453 
* 78
+2 2
+6 3
-36 9
+71 7
-51 1
+4 1
-4 1
+2 1
+2 1
-2 1
+3 1
-2 1
+2 3
+6 12

fn=(662)
823 8
+6 3
+1 2
+5 1
-1 1
+2 2
-2 1
+2 3
+33 8
cob=(3)
cfi=(84) /build/buildd/eglibc-2.12.1/nptl/cleanup_defer_compat.c
cfn=(440) _pthread_cleanup_pop_restore
calls=1 66 
* 10
+4 9
-37 8
+6 2
-4 2
+4 5
-4 1
+4 2
+14 3
-2 3
+2 3
+7 6
-21 12
-13 7
cob=(3)
cfi=(84)
cfn=(412) _pthread_cleanup_push_defer
calls=1 31 
* 12
* 1

fn=(432) _IO_default_xsputn
452 1
+3 2
-3 3
+1 1
-1 3
+1 1
+2 2
+5 48
+25 68
cfi=(85)
cfn=(416) _IO_file_overflow@@GLIBC_2.2.5
calls=11 837 
* 363
* 33
+2 11
+1 11
+1 2
+1 6

fn=(428) _IO_setb
404 8
+1 2
-1 2
+1 6
+4 2
-2 2
+1 2
+1 2
+3 1
+1 8
-3 2

fn=(666) _IO_default_setbuf
562 5
+1 1
-1 2
+1 1
cfi=(85)
cfn=(668) _IO_file_sync@@GLIBC_2.2.5
calls=1 899 
* 13
* 2
+2 2
+2 1
+1 5
cfn=(428)
calls=1 404 
* 19
+7 3
+1 3
+2 6

fn=(418) _IO_doallocbuf
419 1
+1 1
-1 1
+1 1
+6 2
-4 2
+1 3
cfi=(87) /build/buildd/eglibc-2.12.1/libio/filedoalloc.c
cfn=(420) _IO_file_doallocate
calls=1 88 
* 89
* 2

fl=(81) /build/buildd/eglibc-2.12.1/stdio-common/printf.c
fn=(406) printf
30 91
+4 49
+1 21
cfi=(82) /build/buildd/eglibc-2.12.1/stdio-common/vfprintf.c
cfn=(408) vfprintf
calls=7 210 
* 7041
+4 14

fl=(87)
fn=(420)
88 4
+15 6
cfi=(85)
cfn=(422) _IO_file_stat
calls=1 1233 
* 14
* 2
+2 4
+12 3
+3 6
cfi=(89) /build/buildd/eglibc-2.12.1/misc/../sysdeps/unix/syscall-template.S
cfn=(426) mmap
calls=1 -38 
* 6
* 3
+1 4
cfi=(86)
cfn=(428)
calls=1 404 
* 18
* 1
+2 4
-13 1
-2 9
+8 1
-3 1
+3 2

fl=(82)
fn=(408)
210 70
+35 7
-35 7
+35 14
1288 22
+4 35
+11 14
+11 7
fi=(109) /build/buildd/eglibc-2.12.1/stdio-common/printf-parse.h
99 14
fe=(82)
1314 35
fi=(109)
99 7
cfi=(83)
cfn=(410)
calls=7 -72 
* 215
fe=(82)
1329 7
fi=(109)
99 7
fe=(82)
1329 42
+1 105
+3 49
cfi=(85)
cfn=(414) _IO_file_xsputn@@GLIBC_2.2.5
calls=7 -37 
* 1763
* 14
1996 91
+1 63
cob=(3)
cfi=(84)
cfn=(440)
calls=7 66 
* 70
* 7
1288 12
2000 56
1333 28
+4 7
-4 7
+4 14
1808 7
1337 28
1808 7
1948 7
1337 28
1948 7
1337 7
1948 7
+3 7
-3 21
+3 7
+61 14
1383 126
1951 7
1383 105
1951 7
1383 7
1632 14
+8 7
fi=(109)
99 21
cfi=(83)
cfn=(410)
calls=7 -72 
* 170
fe=(82)
1644 7
fi=(109)
99 7
fe=(82)
1644 77
cfi=(85)
cfn=(414)
calls=7 1296 
* 1524
* 84
+2 14
-33 126
cfi=(98) /build/buildd/eglibc-2.12.1/stdio-common/_itoa.c
cfn=(502) _itoa_word
calls=6 176 
* 180
* 336
cfi=(85)
cfn=(414)
calls=6 1296 
* 512
* 72
+1 19
1329 49
cob=(3)
cfi=(84)
cfn=(412)
calls=7 31 
* 84
* 14
1613 120
+1 9
cfi=(85)
cfn=(414)
calls=1 1296 
* 289
* 11
-1 12
+1 29
-1 66

fl=(49) /build/buildd/eglibc-2.12.1/nptl/../nptl/sysdeps/unix/sysv/linux/libc_pthread_init.c
fn=(228) __libc_pthread_init
43 1
+2 1
+3 1
-5 1
+5 4
cfi=(50)
cfn=(230) __register_atfork
calls=1 +39 
* 60
+17 3
+4 53
+1 106
+1 53
-4 159
+12 1
-6 1
+6 2

fl=(57) /build/buildd/eglibc-2.12.1/string/../sysdeps/x86_64/multiarch/../strrchr.S
fn=(256) __GI_strrchr
26 1
+1 1
+1 1
+1 1
+1 1
+1 1
+1 1
+1 1
+1 1
+1 1
+1 1
+1 1
+1 1
+1 1
+1 1
+1 1
+1 1
+1 1
+1 1
+1 1
+1 1
+1 1
+1 1
+13 1
+1 1
+1 1
+1 1
+7 1
+1 1
+1 1
+1 1
+1 1
+1 1
+1 1

fl=(60)
fn=(262)
53 1
-8 1
+8 1
+3 1
-3 1
+3 3
+43 1
+1 1
+2 1
+1 2
-47 2
-24 3
+6 1
-6 1
+6 1
-6 1
+32 1
-25 1
+25 1
-26 1
+1 1
+25 1
-32 1
+7 1
+26 2
+5 2
-31 2
+33 1
+1 7

fl=(94)
fn=(476)
62 1
+1 1
+2 1
+1 1
+1 1
+1 1
+1 1

fn=(478) 0x000000000012ada0
81 381
+1 381
+1 381
+4 381
+1 381
+1 381
+1 381
+3 381
+1 381
+1 381
+1 381
+1 381
+1 381
+3 380
+1 380
+1 380
+3 27
+1 27
+1 27
+1 27
+1 27
+2 27
+2 27
+1 27
+1 27
+1 27
+1 27
+5 27
+1 27
1093 354
+3 354
+1 354
+1 354
+1 354
+1 354
+1 354
+3 354
+1 354
+1 354
+1 354
+1 354
+5 27
+2 27
+2 27
+1 27
+1 27
+1 27
+1 27
+1 27
+1 27
+1 27
+37 23
+1 23
+5 23
+1 23
+1 23
+6 23
+3 220
+1 220
+5 220
+1 220
+1 220
+6 220
+3 136
+1 136
+1 136
+1 136
+5 136
+1 136
+1 136
+6 136
+3 2
+1 2
+5 2
+1 2
+1 2
+6 2

fl=(97) /build/buildd/eglibc-2.12.1/stdlib/../stdlib/strtol_l.c
fn=(500) ____strtol_l_internal
232 3048
+26 381
-12 381
-14 381
+26 381
+19 762
+12 2286
+9 762
-6 381
+6 1143
+2 381
-2 381
+2 381
+5 762
+5 1143
+4 762
+10 762
+7 1143
+48 762
+59 381
-59 381
+1 1143
+58 381
+2 762
+16 381
-16 1143
+38 381
-22 762
-14 2637
+7 300
+17 600
+4 2187
+3 2187
+5 729
+1 1458
-41 2916
+2 996
+49 762
+6 762
+1 1524
-1 762
+18 2286
+18 3048
334 2667
484 762

fl=(56)
fn=(254)
31 3
+1 1
-1 1
+1 4
+2 3
cfi=(57)
cfn=(256)
calls=1 -8 
* 34
+1 2
+3 3
+1 3
+2 4

fl=(91)
fn=(466)
15 10

fl=(75)
fn=(376)
127 9
+5 1
-5 2
+5 2
cob=(3)
cfi=(76)
cfn=(378)
calls=1 -85 
* 27
+3 5
+1 4
+1 16
+1 2
31 2
+1 2
+3 3
+5 1
+6 1
-6 1
+1 3
+2 3
+3 1
+5 3
+74 1
-74 1
+74 4
-72 1011
+19 1011
-18 2022
+2 3600
+14 1255
+2 3765
-10 2510
+1 1255
-1 4310
+1 900
-1 1800
+2 8620
+1 6456
-3 5534
+3 615
-3 5294
+10 5321
-21 4042
+85 9
-36 2
+1 2
+1 2
+3 2
+41 2
cob=(3)
cfi=(77)
cfn=(380)
calls=1 289 
* 28
+3 9
-32 1
+1 3

fl=(88) /build/buildd/eglibc-2.12.1/io/../sysdeps/unix/sysv/linux/wordsize-64/fxstat.c
fn=(424) _fxstat
37 2
-1 2
+1 2
+1 12
+4 2

fl=(78)
fn=(388)
48 2
+1 2
cfi=(79)
cfn=(390)
calls=2 -14 
* 78
+1 6
+3 4

fl=(96)
fn=(498)
110 1524
cfi=(97)
cfn=(500)
calls=381 232 
* 48681

fl=(67)
fn=(328) __new_exitfn
73 1
+6 1
-6 1
+6 5
+2 5
+2 3
-2 1
+10 1
-10 3
+45 1
+1 1
+3 4
+3 3
-35 2
+14 1
+1 2
-32 2

fn=(326)
57 2
-22 1
+22 5
-22 1
cfn=(328)
calls=1 +38 
* 37
+2 3
+4 2
+3 1
-1 1
+2 1
+2 2
+12 6

fl=(89)
fn=(426)
82 10
+1 2

fl=(99)
fn=(518)
32 1
+1 1
+2 1
+1 1
+1 1
+2 1

fl=(50)
fn=(382)
117 1
+2 4
-1 3
+2 1

fn=(230)
87 1
+2 1
-2 5
+2 1
-2 1
+2 8
-36 4
+19 4
+1 2
+1 1
+19 3
+4 1
-1 1
+3 1
-2 2
+1 2
+19 1
+2 4
-1 5
-13 4
+2 2
+1 3
-1 1
+1 2

fl=(69)
fn=(354)
26 1
+2 1
+1 2
+1 1
+4 1
+1 1
+1 1
+1 1
+1 1
+2 2
+2 1
+1 1
+2 2
+2 1
+9 1
cfi=(70)
cfn=(356)
calls=1 -26 
* 9

fl=(85)
fn=(434) _IO_file_write@@GLIBC_2.2.5
1269 7
+2 7
-2 42
+2 7
-2 7
+2 14
+11 7
-11 14
+2 14
+3 28
cfi=(90)
cfn=(436)
calls=7 82 
* 49
+1 14
+9 21
+3 42
-6 21

fn=(416)
837 95
+1 19
-1 19
+1 38
+7 110
+35 38
+3 22
+3 11
+1 11
-1 22
+1 44
+5 11
+1 55
-45 2
+12 3
+9 2
+4 1
+4 1
-1 1
-5 1
+1 1
+4 1
-3 1
+1 1
+3 1
-3 2
+3 3
+1 4
+3 8
+12 24
-12 8
+12 8
-12 8
cfn=(430) _IO_do_write@@GLIBC_2.2.5
calls=8 501 
* 654
-31 2
cfi=(86)
cfn=(418)
calls=1 419 
* 102
+1 6

fn=(430)
501 48
+1 8
-1 16
+1 16
+2 48
+11 21
+7 28
+8 35
cfn=(434)
calls=7 1269 
* 294
+1 7
-1 7
+1 14
+5 7
-2 7
+2 7
-2 21
+1 14
+1 7
-34 7
+34 7
-34 7
+29 14
+5 14

fn=(414)
1296 42
+6 21
-6 126
+6 21
-6 42
+6 21
+7 21
-12 21
+12 63
+17 5
+32 32
cfn=(416)
calls=8 837 
* 977
* 16
+7 16
+1 48
+2 24
+11 16
+1 4
cfi=(86)
cfn=(432)
calls=1 452 
* 555
* 2
-50 49
+4 14
-4 39
+4 26
-42 20
+56 20
-56 82
+57 5
-57 20
+57 5
-57 15
+57 20
-1 10
-56 40
+58 20
-58 20
+58 20
+2 60
+2 60
+28 42
+1 168
-72 40
+1 40
-1 20
+1 40
+3 60
+2 73
-2 242
+2 324
+2 28
+2 7
-29 75
+57 60
-1 30
+1 120
-1 75
-18 26

fn=(422)
1233 1
+2 3
cfi=(88)
cfn=(424)
calls=1 37 
* 10

fn=(664)
453 2
+1 1
cfi=(86)
cfn=(666)
calls=1 562 
* 63
* 2
+4 1
-1 3
+2 3
+3 3

fn=(668)
899 1
+5 1
-5 1
+5 3
+2 1
+1 2
+17 2
+4 2

fl=(98)
fn=(502)
176 24
+10 12
+9 132
+9 12

fl=(47)
fn=(216)
35 10
+16 2

fl=(102)
fn=(528)
25 56963
+1 56963
+1 56963
+1 56963
+1 56963
+1 56963
+1 56963
+1 56963
+1 56963
+1 56963
+1 56963
+1 56963
+1 56963
+1 56963
+1 56963
+1 56963
+1 56963
+1 56963
+1 56831
+1 56831
+2 269
+1 269
+1 269
+1 269
+1 269
+1 269
+1 269
+1 269
+2 56943
+1 56943
+2 132
+1 132
+1 132
+1 132
+1 132
+1 132
+1 20

ob=(5)
fl=(63)
fn=(622)
0 10
cob=(4)
cfi=(105)
cfn=(610)
calls=1 31 
0 70
cob=(1)
cfi=(41)
cfn=(192)
calls=1 30 
0 1060
0 13

fn=(282)
0 6

fn=(276)
0 6

fn=(288)
0 11

ob=(7)
fl=(71)
fn=(460) extract_num2
133 4202
+1 1146
+1 1910
cob=(4)
cfi=(92)
cfn=(468)
calls=382 -82 
* 31647
cob=(1)
cfi=(41)
cfn=(192)
calls=1 30 
* 944
* 382
+1 766
+1 2667
+2 6096
+1 2667
cob=(4)
cfi=(94)
cfn=(478)
calls=381 -59 
* 13520
cob=(1)
cfi=(41)
cfn=(192)
calls=1 30 
* 949
+1 1524
+1 1524
+1 1143
cob=(4)
cfi=(95)
cfn=(496)
calls=381 27 
* 52491
cob=(1)
cfi=(41)
cfn=(192)
calls=1 30 
* 900
* 382
+1 2292

fn=(542) min
98 300
+1 337
+1 19
+1 150

fn=(508) get_edge
148 1500
+4 750
+2 200
+2 100
+1 700
cfn=(510) itoa
calls=100 -89 
* 15453
+1 500
cob=(4)
cfi=(92)
cfn=(468)
calls=100 53 
* 2638041
* 100
+1 340
+1 240
+3 320
cfn=(460)
calls=80 -30 
* 25645
* 600
cfn=(460)
calls=150 -30 
* 47854
* 460
+1 1540
+1 600
cfn=(460)
calls=150 -32 
* 50178
* 300
+2 150
+1 500

fn=(360) run_unit_tests
303 2
+1 1
cfn=(362) stack_test
calls=1 45 
* 61971
+1 1
cfn=(398) get_edge_test
calls=1 172 
* 4
+1 2

fn=(398)
172 2
+1 2

fn=(510)
68 600
+3 400
+2 100
+2 2200
+1 1300
-1 2024
+1 1196
+1 200
+2 400
+1 400
cfn=(512) reverse
calls=100 +4 
* 6233
+1 400

fn=(400) findSccs
242 5
+3 6
cob=(4)
cfi=(81)
cfn=(406)
calls=1 30 
* 1664
cob=(1)
cfi=(41)
cfn=(192)
calls=1 30 
* 948
+3 4
cob=(4)
cfi=(90)
cfn=(446)
calls=1 82 
* 7
cob=(1)
cfi=(41)
cfn=(192)
calls=1 30 
* 891
* 1
+2 5
cfi=(65)
cfn=(450) fstat
calls=1 0 
* 970
+2 10
cob=(4)
cfi=(89)
cfn=(426)
calls=1 82 
* 6
cob=(1)
cfi=(41)
cfn=(192)
calls=1 30 
* 907
* 1
+1 3
+8 4
+2 3
cfn=(460)
calls=1 133 
* 3134
* 1
+1 6
cob=(4)
cfi=(81)
cfn=(406)
calls=1 30 
* 966
+1 3
cfn=(460)
calls=1 133 
* 341
* 1
+1 6
cob=(4)
cfi=(81)
cfn=(406)
calls=1 30 
* 975
+2 5
+2 4
cfn=(364) stack_init
calls=1 25 
* 182
+1 8
cob=(4)
cfi=(72)
cfn=(370)
calls=1 3615 
* 163
* 1
+2 2
+2 300
cfn=(504) get_node
calls=100 127 
* 1500
* 100
+1 300
-3 403
+6 2
+2 300
cfn=(504)
calls=100 127 
* 1500
* 100
+1 400
+1 102
cfn=(506) findScc
calls=34 182 
* 2804774
-4 403
+7 6
cob=(4)
cfi=(81)
cfn=(406)
calls=1 30 
* 869
+2 2
+1 3
+1 3
+1 3
+1 3
+4 2

fn=(506)
182 136
+1 102
+1 102
+1 102
+1 68
+1 136
cfn=(394) stack_push
calls=34 31 
* 374
+4 68
+3 34
+2 170
cfn=(508)
calls=34 -48 
* 833967
* 68
+3 212
cfn=(504)
calls=53 -72 
* 795
* 53
+1 53
+1 212
+2 39
cfn=(507) findScc'2
calls=13 -21 
* 1938340
+1 91
cfn=(542)
calls=13 98 
* 142
* 39
+2 160
+2 7
cfn=(542)
calls=1 98 
* 10
* 2
-11 6
cfn=(508)
calls=1 -49 
* 685
* 312
cfn=(508)
calls=52 -49 
* 26430
* 53
-1 174
+19 204
+2 34
+3 34
cfn=(396) stack_pop
calls=34 38 
* 306
* 2
cfn=(396)
calls=2 38 
* 18
* 72
cfn=(504)
calls=36 -93 
* 540
* 36
+1 72
+1 36
+2 108
+2 102
+6 68

fn=(507)
182 264
+1 198
+1 198
+1 198
+1 132
+1 264
cfn=(394)
calls=66 31 
* 726
+4 132
+3 66
+2 330
cfn=(508)
calls=66 -48 
* 1876275
* 132
+3 388
cfn=(504)
calls=97 -72 
* 1455
* 97
+1 97
+1 388
+2 159
cfn=(507)
calls=53 -21 
* 15734797
+1 371
cfn=(542)
calls=53 98 
* 574
* 159
+2 176
+2 56
cfn=(542)
calls=8 98 
* 80
* 16
-11 48
cfn=(508)
calls=8 -49 
* 3915
* 534
cfn=(508)
calls=89 -49 
* 44799
* 97
-1 326
+19 396
+2 55
+3 55
cfn=(396)
calls=55 38 
* 495
* 9
cfn=(396)
calls=9 38 
* 81
* 128
cfn=(504)
calls=64 -93 
* 960
* 64
+1 128
+1 64
+2 192
+2 165
+2 18
cob=(4)
cfi=(81)
cfn=(406)
calls=3 30 
* 2742
+1 6
+3 132

fn=(394)
31 315
+1 315
+1 315
+1 210

fn=(362)
45 2
+1 2
cfn=(364)
calls=1 -21 
* 61840
+1 2
cfn=(394)
calls=1 -16 
* 11
+1 2
cfn=(394)
calls=1 -17 
* 11
+1 2
cfn=(394)
calls=1 -18 
* 11
+1 1
cfn=(396)
calls=1 -12 
* 9
* 2
+1 2
cfn=(394)
calls=1 -20 
* 11
+1 1
cfn=(396)
calls=1 -14 
* 9
* 2
+1 1
cfn=(396)
calls=1 -15 
* 9
* 2
+1 1
cfn=(396)
calls=1 -16 
* 9
* 2
+1 2
cfn=(394)
calls=1 -24 
* 11
+1 1
cfn=(396)
calls=1 -18 
* 9
* 2
+1 2

fn=(364)
25 8
+1 8
cob=(4)
cfi=(72)
cfn=(370)
calls=2 3615 
* 61076
cob=(1)
cfi=(41)
cfn=(192)
calls=1 +4 
* 924
* 2
+1 4

fn=(504)
127 1350
+1 4500
+1 900

fn=(512)
84 400
+4 400
cob=(4)
cfi=(100)
cfn=(520)
calls=100 -62 
* 1600
cob=(1)
cfi=(41)
cfn=(192)
calls=1 -58 
* 940
* 300
+1 455
+1 728
+1 455
-3 755
+5 200

fn=(396)
38 210
+1 315
+1 210
+1 210

fn=(358)
319 9
+1 1
cfn=(360)
calls=1 -17 
* 61981
+3 4
+1 4
+2 5
cfn=(400)
calls=1 -84 
* 2822308
+3 4
cob=(4)
cfi=(90)
cfn=(552)
calls=1 82 
* 13
cob=(1)
cfi=(41)
cfn=(192)
calls=1 30 
* 907
* 1
+2 4
+1 4
+1 12
+1 7
cob=(4)
cfi=(90)
cfn=(436)
calls=1 82 
* 13
cob=(1)
cfi=(41)
cfn=(192)
calls=1 30 
* 915
+1 4
cob=(4)
cfi=(90)
cfn=(572)
calls=1 82 
* 13
cob=(1)
cfi=(41)
cfn=(192)
calls=1 30 
* 923
+2 1
+1 7

fl=(65)
fn=(588)
0 18

fn=(340)
0 6

fn=(334)
0 6

fn=(346)
0 11

fn=(330)
0 15
cob=(2)
cfi=(13)
cfn=(332)
calls=1 0 
0 29
0 10

fn=(316)
0 11
cob=(4)
cfi=(66)
cfn=(324)
calls=1 96 
0 2891922
cob=(1)
cfi=(41)
cfn=(192)
calls=1 30 
0 1100

fn=(450)
0 4
cob=(4)
cfi=(88)
cfn=(424)
calls=1 37 
0 10
cob=(1)
cfi=(41)
cfn=(192)
calls=1 30 
0 956

ob=(3)
fl=(51)
fn=(642)
0 10
cob=(4)
cfi=(105)
cfn=(610)
calls=1 31 
0 70
cob=(1)
cfi=(41)
cfn=(192)
calls=1 30 
0 1060
0 13

fn=(234)
0 6

fn=(240)
0 11

fl=(77)
fn=(380)
289 2
37 2
289 2
37 4
+1 4
+3 4
+5 2
+3 2
+3 8
291 4
55 4
+3 6
+3 12

fl=(84)
fn=(440)
66 8
+3 16
+3 24
+23 16
+2 16

fn=(412)
31 8
+1 8
+1 16
+2 8
+3 16
+15 24
+4 8
+1 8

fl=(76)
fn=(378)
47 2
+3 2
-3 2
+4 2
-1 4
+1 4
+3 2
+2 4
+71 2
-2 2
+2 2
+4 4
-67 4
+5 4
+13 6
+2 4
+1 4

fl=(38)
fn=(180)
273 1
+16 1
-2 1
-14 1
+16 1
-16 2
+16 3
+1 2
+1 1
+4 3
+5 1
+4 1
+4 2
-8 1
+2 1
+6 1
+1 2
+8 1
+1 3
+1 2
+1 1
-2 1
+2 1
+1 1
+7 3
+4 1
+6 5
+2 2
+1 1
-3 1
+3 1
+1 2
+1 2
+7 3
fi=(110) /build/buildd/eglibc-2.12.1/nptl/../nptl/sysdeps/pthread/list.h
49 1
fe=(38)
354 1
fi=(110)
49 1
+1 1
+2 1
-1 1
fe=(38)
358 2
+6 1
+2 2
+2 2
-3 1
-1 1
+2 19
+2 2
cfi=(39) /build/buildd/eglibc-2.12.1/nptl/../sysdeps/unix/sysv/linux/x86_64/sigaction.c
cfn=(182) __libc_sigaction
calls=1 50 
* 64
+3 1
+3 2
-2 1
-1 1
+3 2
cfi=(39)
cfn=(182)
calls=1 50 
* 64
fi=(40) /build/buildd/eglibc-2.12.1/nptl/../sysdeps/unix/sysv/linux/bits/sigset.h
119 1
fe=(38)
381 1
fi=(40)
119 1
fe=(38)
381 3
+1 2
+5 3
cob=(1)
cfi=(32)
cfn=(198)
calls=1 -63 
* 5
cob=(1)
cfi=(41)
cfn=(192)
calls=1 30 
* 1418
+3 4
+2 1
+2 2
+6 2
-6 4
+6 1
cob=(4)
cfi=(43)
cfn=(204)
calls=1 82 
* 5
cob=(1)
cfi=(41)
cfn=(192)
calls=1 30 
* 971
-1 2
+1 1
-1 2
+5 2
+7 2
cob=(4)
cfi=(44)
cfn=(210)
calls=1 33 
* 38
cob=(1)
cfi=(41)
cfn=(192)
calls=1 30 
* 988
+1 1
+1 1
-1 1
+1 2
+4 4
+1 1
+4 1
cob=(4)
cfi=(48)
cfn=(222)
calls=1 51 
* 3
cob=(1)
cfi=(41)
cfn=(192)
calls=1 30 
* 1146
* 2
cob=(1)
cfi=(2)
cfn=(80)
calls=1 795 
* 2
* 1
+6 2
-6 1
+1 1
+6 1
+1 1
-7 1
+4 1
+4 1
-4 1
+4 1
+3 1
+3 1
+8 2
-11 1
+5 1
-2 1
+8 1
-6 1
+6 1
cob=(4)
cfi=(49)
cfn=(228)
calls=1 43 
* 446
cob=(1)
cfi=(41)
cfn=(192)
calls=1 30 
* 1146
+4 1
-6 1
+7 5

fl=(39)
fn=(182)
50 2
+4 2
-4 2
+4 2
+2 4
+1 64
+1 8
+2 4
+7 8
-2 4
+2 16
+1 8
+8 4

totals: 3037702
